
MESH METHOD
A=[R1+R3+R4,-R3,-R4,0;Kb*R3,1-Kb*R3,0,0;-R4,0,R4+R6+R7-Kc,0;0,0,0,1]
B=[-Va;0;0;Id]

Id = 1.04562966374*10^-3
R1 = 1.03246207994 * 10^3
R2 = 2.00407938458*10 ^3
R3 = 3.09992724929*10^3
R4 = 4.11959743399*10 ^3
R5 = 3.13664760831*10^3
R6 = 2.00274902802*10^3
R7=1.04584791445*10^3
Va = 5.21005945917
Kb = 7.02164593403*10^-3
Kc = 8.21039470748*10^3


NODE METHOD
A=[-G1,G1-G2+G3,-G2,0,0,0,0;0,Kb,0,-G5,G5-Kb,0,0;0,-G2-Kb,G2,0,Kb,0,0;0,0,0,0,0,G7-G6,-G7;1,0,0,0,0,0,0;0,0,0,0,1,Kc*G6,-1;-G1,G1,0,0,-G4,-G6,0]
B=[0;Id;0;0;Va;0;0]

G1= 1/ (1.03246207994 * 10^3)
G2 = 1 / (2.00407938458*10 ^3)
G3 = 1/ (3.09992724929*10^3)
G4= 1/ (4.11959743399*10 ^3)
G5=1/(3.13664760831*10^3)
G6 = 1/(2.00274902802*10^3)
G7 = 1/(1.04584791445*10^3)
Id = 1.04562966374*10^-3
Va = 5.21005945917
Kb = 7.02164593403*10^-3
Kc = 8.21039470748*10^3
